15
16
22
23
28
32
34
35
36
40
43
47
48
49
60
67
68
70
71
74
75
76
79
82
84
85
88
96
97
98
99
108
113
114
116
124
125
129
131
132
134
135
138
141
142
143
144
149
154
161
162
165
169
170
173
175
184
185
188
189
190
191
195
199
215
216
218
219
220
222
226
229
232
237
239
241
242
244
248
251
264
265
270
271
273
275
276
279
285
286
288
290
292
298
301
308
309
314
315
316
321
323
326
327
328
331
334
337
338
339
349
351
352
356
364
367
368
370
371
382
385
386
389
391
398
414
417
418
419
424
426
430
432
433
434
439
442
443
455
460
463
464
465
469
473
474
475
477
485
490
491
493
494
496
501
517
518
519
520
527
528
530
533
534
536
537
539
544
545
549
552
553
556
562
566
567
570
571
572
577
578
579
581
583
586
591
596
598
600
601
602
616
617
618
621
622
623
624
625
626
627
628
631
634
640
643
647
648
656
662
664
666
669
670
671
673
674
676
677
678
683
686
687
688
690
695
696
697
700
701
712
715
721
725
731
734
736
739
740
742
744
746
748
751
752
760
765
772
773
783
796
802
816
818
822
824
830
839
843
846
848
849
853
862
866
872
875
876
878
880
891
893
894
895
896
898
900
903
904
922
923
924
928
930
931
934
936
937
939
945
947
949
952
953
957
967
970
972
974
984
994
995
996
999
